image_00000 322 217 344 237
image_00001 322 215 344 237
image_00002 322 215 346 237
image_00003 322 212 344 238
image_00004 319 210 347 239
image_00005 320 210 347 239
image_00006 319 210 346 238
image_00007 320 209 346 237
image_00008 319 209 346 238
image_00009 317 209 345 239
image_00010 316 208 345 240
image_00011 315 208 346 241
image_00012 316 209 346 241
image_00013 315 208 346 240
image_00014 316 209 346 240
image_00015 316 193 350 241
image_00016 315 194 352 241
image_00017 316 194 358 242
image_00018 316 197 361 242
image_00019 317 198 363 243
image_00020 318 198 363 242
image_00021 315 197 364 244
image_00022 316 197 363 243
image_00023 314 198 365 244
image_00024 315 197 365 243
image_00025 315 197 364 243
image_00026 314 199 365 244
image_00027 314 199 366 244
image_00028 314 198 365 245
image_00029 312 198 364 245
image_00030 333 199 364 245
image_00031 335 199 365 244
image_00032 335 198 364 246
image_00033 337 198 364 245
image_00034 338 197 365 245
image_00035 339 198 377 246
image_00036 339 198 375 246
image_00037 338 199 374 245
image_00038 337 199 375 247
image_00039 337 199 374 248
image_00040 336 200 375 247
image_00041 336 194 374 246
image_00042 337 193 374 247
image_00043 334 193 374 247
image_00044 336 194 374 246
image_00045 334 193 374 246
image_00046 333 194 375 246
image_00047 345 191 373 217
image_00048 348 190 372 217
image_00049 348 192 372 216
image_00050 347 192 373 216
image_00051 352 193 372 214
image_00052 353 193 372 214
image_00053 351 195 373 212
image_00054 354 195 371 212
image_00055 353 196 374 212
image_00056 356 196 373 212
image_00057 355 195 372 209
image_00058 355 195 373 209
image_00059 356 193 371 208
image_00060 357 195 367 207
image_00061 357 194 367 207
image_00062 358 193 367 205
image_00063 353 193 367 207
